0.99602417917891550   0.99602417917891539   -0.00248559961547579   
-0.00397582082108427   -0.00397582082108427   -1.00248559961547579   
0.99602417917891550   0.99602417917891539   1.00248559961547601   
-0.00397582082108427   -0.00397582082108427   1.00248559961547601   
0.99599696925688841   -0.00400303074311150   0.00000000000000011   
-0.00400303074311150   0.99599696925688841   0.00000000000000011   
-0.00400303074311137   -0.00400303074311150   1.00000000000000000   
-0.00400303074311150   0.99599696925688830   1.00000000000000000   
-0.00404229687160430   -0.00404229687160430   -0.00000000000000000   
-0.00404229687160440   -0.00404229687160440   0.00000000000000011   
