0.00235822782460710   0.00235822782460700   0.00186175185334692   
0.00235822782460704   0.00235822782460704   -0.99813824814665308   
0.00235822782460710   0.00235822782460700   0.99813824814665308   
0.00235822782460704   0.00235822782460704   0.99813824814665320   
1.00318118522611477   0.00318118522611470   0.00000000000000011   
0.00318118522611470   1.00318118522611477   0.00000000000000011   
0.00318118522611499   0.00318118522611470   1.00000000000000000   
0.00318118522611470   1.00318118522611455   1.00000000000000000   
-0.01107882610144750   -0.01107882610144750   -0.00000000000000000   
-0.01107882610144750   -0.01107882610144750   0.00000000000000011   
