-0.00201168846543480   -0.00201168846543490   -0.00248387533811778   
-0.00201168846543459   -0.00201168846543459   -1.00248387533811778   
-0.00201168846543480   -0.00201168846543490   1.00248387533811778   
-0.00201168846543459   -0.00201168846543459   1.00248387533811800   
0.99797417290578783   0.99797417290578772   0.00000000000000011   
0.99797417290578772   0.99797417290578783   0.00000000000000011   
-0.00202582709421201   0.99797417290578772   1.00000000000000000   
0.99797417290578772   0.99797417290578760   1.00000000000000000   
0.99807503111929585   0.99807503111929585   -0.00000000000000000   
-0.00192496888070398   -0.00192496888070398   0.00000000000000011   
