0.02312861531632610   0.02312861531632600   0.00279789153296861   
0.02312861531632604   0.02312861531632604   -0.99720210846703139   
0.02312861531632610   0.02312861531632600   0.99720210846703139   
0.02312861531632604   0.02312861531632604   0.99720210846703150   
1.00156052456939459   0.00156052456939470   0.00000000000000011   
0.00156052456939470   1.00156052456939459   0.00000000000000011   
0.00156052456939482   0.00156052456939470   1.00000000000000000   
0.00156052456939470   1.00156052456939459   1.00000000000000000   
-0.02937827977144560   -0.02937827977144560   0.00000000000000000   
-0.02937827977144530   -0.02937827977144530   0.00000000000000011   
