 E tot s_tot p_tot d_tot
  0.00000000    0.00000000  0.00000000  0.00000000  0.00000000
  0.00000000    0.00000000  0.00000000  0.00000000  0.00000000
  0.00000000    0.00000000  0.00000000  0.00000000  0.00000000
  0.00000000    0.00000000  0.00000000  0.00000000  0.00000000
  0.00000000    0.00000000  0.00000000  0.00000000  0.00000000
  0.00000000    0.00000000  0.00000000  0.00000000  0.00000000
  0.00000000    0.00000000  0.00000000  0.00000000  0.00000000
  0.00000000    0.00000000  0.00000000  0.00000000  0.00000000
  0.00000000    0.00000000  0.00000000  0.00000000  0.00000000
  0.00000000    0.00000000  0.00000000  0.00000000  0.00000000
  0.00000000    0.00000000  0.00000000  0.00000000  0.00000000
  0.00000000    0.00000000  0.00000000  0.00000000  0.00000000
  0.00000000    0.00000000  0.00000000  0.00000000  0.00000000
  0.00000000    0.00000000  0.00000000  0.00000000  0.00000000
  0.00000000    0.74820000  0.00000000  0.00000000  0.00000000
  0.00000000    0.76600000  0.00000000  0.00000000  0.00000000
  0.00000000    0.76890000  0.00000000  0.00000000  0.00000000
  0.00000000    0.79190000  0.00000000  0.00000000  0.00000000
  0.00000000    0.78420000  0.00000000  0.00000000  0.00000000
  0.00000000    0.79460000  0.00000000  0.00000000  0.00000000
  0.00000000    0.79000000  0.00000000  0.00000000  0.00000000
  0.00000000    0.79560000  0.00000000  0.00000000  0.00000000
  0.00000000    0.79570000  0.00000000  0.00000000  0.00000000
  0.00000000    1.26000000  0.00000000  0.00000000  0.00000000
  0.00000000    0.73930000  0.00000000  0.00000000  0.00000000
  0.00000000    0.64740000  0.00000000  0.00000000  0.00000000
  0.00000000    0.83890000  0.00000000  0.00000000  0.00000000
  0.00000000    0.82110000  0.00000000  0.00000000  0.00000000
  0.00000000    0.82230000  0.00000000  0.00000000  0.00000000
  0.00000000    0.82980000  0.00000000  0.00000000  0.00000000
  0.00000000    0.82900000  0.00000000  0.00000000  0.00000000
  0.00000000    0.84050000  0.00000000  0.00000000  0.00000000
  0.00000000    0.84020000  0.00000000  0.00000000  0.00000000
  0.00000000    0.84680000  0.00000000  0.00000000  0.00000000
  0.00000000    0.84880000  0.00000000  0.00000000  0.00000000
  0.00000000    0.86370000  0.00000000  0.00000000  0.00000000
  0.00000000    0.87020000  0.00000000  0.00000000  0.00000000
  0.00000000    0.87370000  0.00000000  0.00000000  0.00000000
  0.00000000    0.88740000  0.00000000  0.00000000  0.00000000
  0.00000000    0.90210000  0.00000000  0.00000000  0.00000000
  0.00000000    0.91560000  0.00000000  0.00000000  0.00000000
  0.00000000    0.93220000  0.00000000  0.00000000  0.00000000
  0.00000000    0.94980000  0.00000000  0.00000000  0.00000000
  0.00000000    0.99070000  0.00000000  0.00000000  0.00000000
  0.00000000    1.03200000  0.00000000  0.00000000  0.00000000
  0.00000000    1.10800000  0.00000000  0.00000000  0.00000000
  0.00000000    1.25300000  0.00000000  0.00000000  0.00000000
  0.00000000    1.04100000  0.00000000  0.00000000  0.00000000
  0.00000000    0.90900000  0.00000000  0.00000000  0.00000000
  0.00000000    1.85500000  0.00000000  0.00000000  0.00000000
  0.00000000    1.08500000  0.00000000  0.00000000  0.00000000
  0.00000000    1.05600000  0.00000000  0.00000000  0.00000000
  0.00000000    0.82940000  0.00000000  0.00000000  0.00000000
  0.00000000    0.71170000  0.00000000  0.00000000  0.00000000
  0.00000000    0.63340000  0.00000000  0.00000000  0.00000000
  0.00000000    0.53260000  0.00000000  0.00000000  0.00000000
  0.00000000    0.45020000  0.00000000  0.00000000  0.00000000
  0.00000000    0.38950000  0.00000000  0.00000000  0.00000000
  0.00000000    0.32970000  0.00000000  0.00000000  0.00000000
  0.00000000    0.28520000  0.00000000  0.00000000  0.00000000
  0.00000000    0.18210000  0.00000000  0.00000000  0.00000000
  0.00000000    0.00000000  0.00000000  0.00000000  0.00000000
  0.00000000    0.00000000  0.00000000  0.00000000  0.00000000
  0.00000000    0.00000000  0.00000000  0.00000000  0.00000000
  0.00000000    0.00000000  0.00000000  0.00000000  0.00000000
  0.00000000    0.00000000  0.00000000  0.00000000  0.00000000
  0.00000000    0.00000000  0.00000000  0.00000000  0.00000000
  0.00000000    0.00000000  0.00000000  0.00000000  0.00000000
  0.00000000    0.28000000  0.00000000  0.00000000  0.00000000
  0.00000000    1.29200000  0.00000000  0.00000000  0.00000000
  0.00000000    2.08600000  0.00000000  0.00000000  0.00000000
  0.00000000    1.86100000  0.00000000  0.00000000  0.00000000
  0.00000000    1.40000000  0.00000000  0.00000000  0.00000000
  0.00000000    1.19400000  0.00000000  0.00000000  0.00000000
  0.00000000    1.08600000  0.00000000  0.00000000  0.00000000
  0.00000000    0.98920000  0.00000000  0.00000000  0.00000000
  0.00000000    0.94050000  0.00000000  0.00000000  0.00000000
  0.00000000    0.90230000  0.00000000  0.00000000  0.00000000
  0.00000000    0.93950000  0.00000000  0.00000000  0.00000000
  0.00000000    0.74460000  0.00000000  0.00000000  0.00000000
  0.00000000    0.72750000  0.00000000  0.00000000  0.00000000
  0.00000000    0.73320000  0.00000000  0.00000000  0.00000000
  0.00000000    0.73920000  0.00000000  0.00000000  0.00000000
  0.00000000    0.84530000  0.00000000  0.00000000  0.00000000
  0.00000000    0.68870000  0.00000000  0.00000000  0.00000000
  0.00000000    0.67160000  0.00000000  0.00000000  0.00000000
  0.00000000    0.65810000  0.00000000  0.00000000  0.00000000
  0.00000000    0.64290000  0.00000000  0.00000000  0.00000000
  0.00000000    0.62420000  0.00000000  0.00000000  0.00000000
  0.00000000    0.60920000  0.00000000  0.00000000  0.00000000
  0.00000000    0.59580000  0.00000000  0.00000000  0.00000000
  0.00000000    0.58370000  0.00000000  0.00000000  0.00000000
  0.00000000    0.56950000  0.00000000  0.00000000  0.00000000
  0.00000000    0.55810000  0.00000000  0.00000000  0.00000000
  0.00000000    0.54670000  0.00000000  0.00000000  0.00000000
  0.00000000    0.54480000  0.00000000  0.00000000  0.00000000
  0.00000000    0.54520000  0.00000000  0.00000000  0.00000000
  0.00000000    0.53360000  0.00000000  0.00000000  0.00000000
  0.00000000    0.53230000  0.00000000  0.00000000  0.00000000
  0.00000000    1.04600000  0.00000000  0.00000000  0.00000000
  0.00000000    0.75250000  0.00000000  0.00000000  0.00000000
  0.00000000    0.77370000  0.00000000  0.00000000  0.00000000
  0.00000000    0.76910000  0.00000000  0.00000000  0.00000000
  0.00000000    0.83680000  0.00000000  0.00000000  0.00000000
  0.00000000    0.95510000  0.00000000  0.00000000  0.00000000
  0.00000000    1.87100000  0.00000000  0.00000000  0.00000000
  0.00000000    1.10100000  0.00000000  0.00000000  0.00000000
  0.00000000    1.04500000  0.00000000  0.00000000  0.00000000
  0.00000000    1.00700000  0.00000000  0.00000000  0.00000000
  0.00000000    1.13400000  0.00000000  0.00000000  0.00000000
  0.00000000    1.14500000  0.00000000  0.00000000  0.00000000
  0.00000000    1.14300000  0.00000000  0.00000000  0.00000000
  0.00000000    1.16200000  0.00000000  0.00000000  0.00000000
  0.00000000    1.18700000  0.00000000  0.00000000  0.00000000
  0.00000000    1.20800000  0.00000000  0.00000000  0.00000000
  0.00000000    1.25500000  0.00000000  0.00000000  0.00000000
  0.00000000    1.30100000  0.00000000  0.00000000  0.00000000
  0.00000000    1.35700000  0.00000000  0.00000000  0.00000000
  0.00000000    1.34500000  0.00000000  0.00000000  0.00000000
  0.00000000    1.29200000  0.00000000  0.00000000  0.00000000
  0.00000000    1.61700000  0.00000000  0.00000000  0.00000000
  0.00000000    1.81100000  0.00000000  0.00000000  0.00000000
  0.00000000    2.07200000  0.00000000  0.00000000  0.00000000
  0.00000000    1.96800000  0.00000000  0.00000000  0.00000000
  0.00000000    2.25100000  0.00000000  0.00000000  0.00000000
  0.00000000    2.45600000  0.00000000  0.00000000  0.00000000
  0.00000000    1.95400000  0.00000000  0.00000000  0.00000000
  0.00000000    2.10600000  0.00000000  0.00000000  0.00000000
  0.00000000    2.05000000  0.00000000  0.00000000  0.00000000
  0.00000000    2.19700000  0.00000000  0.00000000  0.00000000
  0.00000000    2.41600000  0.00000000  0.00000000  0.00000000
  0.00000000    2.02600000  0.00000000  0.00000000  0.00000000
  0.00000000    1.45300000  0.00000000  0.00000000  0.00000000
  0.00000000    1.36000000  0.00000000  0.00000000  0.00000000
  0.00000000    1.21100000  0.00000000  0.00000000  0.00000000
  0.00000000    1.30300000  0.00000000  0.00000000  0.00000000
  0.00000000    1.11700000  0.00000000  0.00000000  0.00000000
  0.00000000    1.15000000  0.00000000  0.00000000  0.00000000
  0.00000000    0.97120000  0.00000000  0.00000000  0.00000000
  0.00000000    1.19800000  0.00000000  0.00000000  0.00000000
  0.00000000    1.02500000  0.00000000  0.00000000  0.00000000
  0.00000000    0.96730000  0.00000000  0.00000000  0.00000000
  0.00000000    1.09700000  0.00000000  0.00000000  0.00000000
  0.00000000    1.09500000  0.00000000  0.00000000  0.00000000
  0.00000000    1.11000000  0.00000000  0.00000000  0.00000000
  0.00000000    1.12100000  0.00000000  0.00000000  0.00000000
  0.00000000    1.12300000  0.00000000  0.00000000  0.00000000
  0.00000000    1.14300000  0.00000000  0.00000000  0.00000000
  0.00000000    1.18900000  0.00000000  0.00000000  0.00000000
  0.00000000    0.95900000  0.00000000  0.00000000  0.00000000
  0.00000000    1.02900000  0.00000000  0.00000000  0.00000000
  0.00000000    1.12900000  0.00000000  0.00000000  0.00000000
  0.00000000    1.27100000  0.00000000  0.00000000  0.00000000
  0.00000000    1.52100000  0.00000000  0.00000000  0.00000000
  0.00000000    2.17000000  0.00000000  0.00000000  0.00000000
  0.00000000    1.93500000  0.00000000  0.00000000  0.00000000
  0.00000000    1.65400000  0.00000000  0.00000000  0.00000000
  0.00000000    2.11400000  0.00000000  0.00000000  0.00000000
  0.00000000    2.53900000  0.00000000  0.00000000  0.00000000
  0.00000000    1.12200000  0.00000000  0.00000000  0.00000000
  0.00000000    0.75650000  0.00000000  0.00000000  0.00000000
  0.00000000    0.60130000  0.00000000  0.00000000  0.00000000
  0.00000000    0.43410000  0.00000000  0.00000000  0.00000000
  0.00000000    0.33750000  0.00000000  0.00000000  0.00000000
  0.00000000    0.27330000  0.00000000  0.00000000  0.00000000
  0.00000000    0.13470000  0.00000000  0.00000000  0.00000000
  0.00000000    0.00000000  0.00000000  0.00000000  0.00000000
  0.00000000    0.00000000  0.00000000  0.00000000  0.00000000
  0.00000000    0.00000000  0.00000000  0.00000000  0.00000000
  0.00000000    0.09740000  0.00000000  0.00000000  0.00000000
  0.00000000    0.27270000  0.00000000  0.00000000  0.00000000
  0.00000000    0.41360000  0.00000000  0.00000000  0.00000000
  0.00000000    1.10600000  0.00000000  0.00000000  0.00000000
  0.00000000    1.73600000  0.00000000  0.00000000  0.00000000
  0.00000000    1.38500000  0.00000000  0.00000000  0.00000000
  0.00000000    1.24300000  0.00000000  0.00000000  0.00000000
  0.00000000    1.35100000  0.00000000  0.00000000  0.00000000
  0.00000000    1.95800000  0.00000000  0.00000000  0.00000000
  0.00000000    2.31900000  0.00000000  0.00000000  0.00000000
  0.00000000    1.86100000  0.00000000  0.00000000  0.00000000
  0.00000000    1.64300000  0.00000000  0.00000000  0.00000000
  0.00000000    1.48500000  0.00000000  0.00000000  0.00000000
  0.00000000    1.20500000  0.00000000  0.00000000  0.00000000
  0.00000000    1.07700000  0.00000000  0.00000000  0.00000000
  0.00000000    0.98880000  0.00000000  0.00000000  0.00000000
  0.00000000    0.91440000  0.00000000  0.00000000  0.00000000
  0.00000000    0.86210000  0.00000000  0.00000000  0.00000000
  0.00000000    0.83480000  0.00000000  0.00000000  0.00000000
  0.00000000    0.44580000  0.00000000  0.00000000  0.00000000
  0.00000000    0.45910000  0.00000000  0.00000000  0.00000000
  0.00000000    0.50030000  0.00000000  0.00000000  0.00000000
  0.00000000    0.59110000  0.00000000  0.00000000  0.00000000
  0.00000000    0.69410000  0.00000000  0.00000000  0.00000000
  0.00000000    0.67410000  0.00000000  0.00000000  0.00000000
  0.00000000    0.65930000  0.00000000  0.00000000  0.00000000
  0.00000000    0.65040000  0.00000000  0.00000000  0.00000000
  0.00000000    0.65220000  0.00000000  0.00000000  0.00000000
  0.00000000    0.63890000  0.00000000  0.00000000  0.00000000
  0.00000000    0.62910000  0.00000000  0.00000000  0.00000000
  0.00000000    0.63060000  0.00000000  0.00000000  0.00000000
  0.00000000    0.67350000  0.00000000  0.00000000  0.00000000
  0.00000000    0.90070000  0.00000000  0.00000000  0.00000000
  0.00000000    1.27900000  0.00000000  0.00000000  0.00000000
  0.00000000    0.85270000  0.00000000  0.00000000  0.00000000
  0.00000000    0.76190000  0.00000000  0.00000000  0.00000000
  0.00000000    0.75920000  0.00000000  0.00000000  0.00000000
  0.00000000    1.18500000  0.00000000  0.00000000  0.00000000
  0.00000000    2.30000000  0.00000000  0.00000000  0.00000000
  0.00000000    1.70700000  0.00000000  0.00000000  0.00000000
  0.00000000    1.74400000  0.00000000  0.00000000  0.00000000
  0.00000000    2.03900000  0.00000000  0.00000000  0.00000000
  0.00000000    2.70300000  0.00000000  0.00000000  0.00000000
  0.00000000    1.95200000  0.00000000  0.00000000  0.00000000
  0.00000000    1.67000000  0.00000000  0.00000000  0.00000000
  0.00000000    1.75000000  0.00000000  0.00000000  0.00000000
  0.00000000    2.73600000  0.00000000  0.00000000  0.00000000
  0.00000000    2.06800000  0.00000000  0.00000000  0.00000000
  0.00000000    2.75200000  0.00000000  0.00000000  0.00000000
  0.00000000    1.58800000  0.00000000  0.00000000  0.00000000
  0.00000000    1.18800000  0.00000000  0.00000000  0.00000000
  0.00000000    1.01600000  0.00000000  0.00000000  0.00000000
  0.00000000    0.99980000  0.00000000  0.00000000  0.00000000
  0.00000000    1.25800000  0.00000000  0.00000000  0.00000000
  0.00000000    1.39900000  0.00000000  0.00000000  0.00000000
  0.00000000    1.88300000  0.00000000  0.00000000  0.00000000
  0.00000000    1.59500000  0.00000000  0.00000000  0.00000000
  0.00000000    1.94100000  0.00000000  0.00000000  0.00000000
  0.00000000    3.32900000  0.00000000  0.00000000  0.00000000
  0.00000000    2.81200000  0.00000000  0.00000000  0.00000000
  0.00000000    2.81000000  0.00000000  0.00000000  0.00000000
  0.00000000    4.17300000  0.00000000  0.00000000  0.00000000
  0.00000000    3.82100000  0.00000000  0.00000000  0.00000000
  0.00000000    4.44400000  0.00000000  0.00000000  0.00000000
  0.00000000    4.13500000  0.00000000  0.00000000  0.00000000
  0.00000000    4.50600000  0.00000000  0.00000000  0.00000000
  0.00000000    3.86800000  0.00000000  0.00000000  0.00000000
  0.00000000    3.14800000  0.00000000  0.00000000  0.00000000
  0.00000000    4.44000000  0.00000000  0.00000000  0.00000000
  0.00000000    3.62800000  0.00000000  0.00000000  0.00000000
  0.00000000    5.26800000  0.00000000  0.00000000  0.00000000
  0.00000000    5.06300000  0.00000000  0.00000000  0.00000000
  0.00000000    3.93400000  0.00000000  0.00000000  0.00000000
  0.00000000    3.89200000  0.00000000  0.00000000  0.00000000
  0.00000000    4.98400000  0.00000000  0.00000000  0.00000000
  0.00000000    4.24000000  0.00000000  0.00000000  0.00000000
  0.00000000    3.94900000  0.00000000  0.00000000  0.00000000
  0.00000000    4.93000000  0.00000000  0.00000000  0.00000000
  0.00000000    3.74100000  0.00000000  0.00000000  0.00000000
  0.00000000    3.87500000  0.00000000  0.00000000  0.00000000
  0.00000000    4.92100000  0.00000000  0.00000000  0.00000000
  0.00000000    4.48600000  0.00000000  0.00000000  0.00000000
  0.00000000    3.73600000  0.00000000  0.00000000  0.00000000
  0.00000000    4.46100000  0.00000000  0.00000000  0.00000000
  0.00000000    4.37800000  0.00000000  0.00000000  0.00000000
  0.00000000    6.41600000  0.00000000  0.00000000  0.00000000
  0.00000000    6.21800000  0.00000000  0.00000000  0.00000000
  0.00000000    5.93900000  0.00000000  0.00000000  0.00000000
  0.00000000    6.02400000  0.00000000  0.00000000  0.00000000
  0.00000000    4.33000000  0.00000000  0.00000000  0.00000000
  0.00000000    4.24300000  0.00000000  0.00000000  0.00000000
  0.00000000    4.82600000  0.00000000  0.00000000  0.00000000
  0.00000000    6.17600000  0.00000000  0.00000000  0.00000000
  0.00000000    6.51700000  0.00000000  0.00000000  0.00000000
  0.00000000    6.28200000  0.00000000  0.00000000  0.00000000
  0.00000000    4.29800000  0.00000000  0.00000000  0.00000000
  0.00000000    4.29500000  0.00000000  0.00000000  0.00000000
  0.00000000    4.84000000  0.00000000  0.00000000  0.00000000
  0.00000000    4.52200000  0.00000000  0.00000000  0.00000000
  0.00000000    4.27800000  0.00000000  0.00000000  0.00000000
  0.00000000    5.10700000  0.00000000  0.00000000  0.00000000
  0.00000000    4.73000000  0.00000000  0.00000000  0.00000000
  0.00000000    3.22200000  0.00000000  0.00000000  0.00000000
  0.00000000    3.10100000  0.00000000  0.00000000  0.00000000
  0.00000000    4.09600000  0.00000000  0.00000000  0.00000000
  0.00000000    3.34100000  0.00000000  0.00000000  0.00000000
  0.00000000    3.13600000  0.00000000  0.00000000  0.00000000
  0.00000000    3.02500000  0.00000000  0.00000000  0.00000000
  0.00000000    2.54700000  0.00000000  0.00000000  0.00000000
  0.00000000    1.87600000  0.00000000  0.00000000  0.00000000
  0.00000000    1.57700000  0.00000000  0.00000000  0.00000000
  0.00000000    2.27000000  0.00000000  0.00000000  0.00000000
  0.00000000    1.92500000  0.00000000  0.00000000  0.00000000
  0.00000000    1.78800000  0.00000000  0.00000000  0.00000000
  0.00000000    1.13100000  0.00000000  0.00000000  0.00000000
  0.00000000    0.94200000  0.00000000  0.00000000  0.00000000
  0.00000000    1.02800000  0.00000000  0.00000000  0.00000000
  0.00000000    0.11540000  0.00000000  0.00000000  0.00000000
  0.00000000    0.00000000  0.00000000  0.00000000  0.00000000
  0.00000000    0.00000000  0.00000000  0.00000000  0.00000000
  0.00000000    0.00000000  0.00000000  0.00000000  0.00000000
  0.00000000    0.00000000  0.00000000  0.00000000  0.00000000
  0.00000000    0.00000000  0.00000000  0.00000000  0.00000000
  0.00000000    0.00000000  0.00000000  0.00000000  0.00000000
  0.00000000    0.00000000  0.00000000  0.00000000  0.00000000
  0.00000000    0.00000000  0.00000000  0.00000000  0.00000000
  0.00000000    0.00000000  0.00000000  0.00000000  0.00000000
  0.00000000    0.00000000  0.00000000  0.00000000  0.00000000
  0.00000000    0.00000000  0.00000000  0.00000000  0.00000000
  0.00000000    0.00000000  0.00000000  0.00000000  0.00000000
  0.00000000    0.00000000  0.00000000  0.00000000  0.00000000
  0.00000000    0.00000000  0.00000000  0.00000000  0.00000000
